(10000, 15, 5029, 5040, 5046, 5052, 5058)
(10001, 16, 5030, 5041, 5052)
(10002, 7, 5016, 5027, 5038, 5049)
(10003, 34, 5057, 5056, 5050, 5039, 5028, 5022, 5016)
(10004, 22, 5030, 5019, 5008, 5002, 5001)
(10005, 20, 5028, 5017, 5006)
(10006, 21, 5029, 5018, 5007, 5001)
(10007, 23, 5031, 5025, 5024, 5018, 5007, 5001)
(10008, 31, 5049, 5038, 5027, 5016, 5005)
(10009, 30, 5048, 5047, 5041, 5030, 5019, 5013, 5012)
(10010, 33, 5051, 5040, 5029, 5018, 5007, 5001)
(10011, 15, 5029, 5040, 5051)
(10012, 21, 5029, 5018, 5007, 5001)
(10013, 35, 5053, 5042, 5031, 5020, 5015)
(10014, 16, 5030, 5041, 5047, 5048, 5054)
(10015, 1, 5005, 5016, 5027, 5038, 5044, 5045, 5046)
(10016, 22, 5035, 5034, 5028, 5022, 5016, 5005)
(10017, 9, 5018, 5029, 5034, 5039, 5050)
(10018, 13, 5027, 5038, 5049)
(10019, 15, 5029, 5040, 5046, 5052, 5058)
(10020, 27, 5040, 5029, 5024, 5019, 5014, 5009)
(10021, 12, 5021, 5032, 5043, 5048, 5053)
(10022, 4, 5008, 5019, 5025, 5031, 5037, 5043)
(10023, 21, 5029, 5018, 5007, 5001)
(10024, 25, 5044, 5045, 5040, 5029, 5018, 5013, 5008, 5003)
(10025, 35, 5053, 5042, 5031, 5025)
(10026, 26, 5039, 5028, 5017, 5011)
(10027, 18, 5032, 5043, 5054)
(10028, 4, 5008, 5019, 5030, 5041, 5047, 5053)
(10029, 18, 5032, 5043, 5054)
(10030, 26, 5039, 5028, 5017, 5006)
(10031, 32, 5050, 5039, 5028, 5023, 5018, 5013, 5008, 5003)
(10032, 8, 5017, 5028, 5039, 5050, 5056, 5057)
(10033, 33, 5051, 5040, 5029, 5024, 5019, 5014, 5009, 5004)
(10034, 2, 5006, 5017, 5023, 5024, 5030, 5036)
(10035, 1, 5005, 5016, 5027)
(10036, 7, 5016, 5027, 5038, 5044, 5050)
(10037, 19, 5027, 5016, 5005)
(10038, 35, 5053, 5042, 5031, 5020, 5009, 5004)
(10039, 11, 5020, 5031, 5042, 5053, 5059)
(10040, 31, 5055, 5056, 5051, 5040, 5029, 5024, 5019, 5008, 5003, 5004)
(10041, 16, 5030, 5041, 5052)
(10042, 31, 5049, 5038, 5027, 5016, 5011, 5012)
(10043, 27, 5040, 5029, 5018)
(10044, 23, 5031, 5025, 5024, 5018, 5007, 5001)
(10045, 2, 5006, 5017, 5023, 5024, 5030, 5036, 5042)
(10046, 22, 5035, 5034, 5028, 5022, 5016, 5005)
(10047, 16, 5030, 5041, 5052)
(10048, 1, 5005, 5016, 5027, 5038, 5049)
(10049, 4, 5008, 5019, 5025, 5031)
(10050, 15, 5029, 5040, 5046, 5052)
(10051, 9, 5018, 5029, 5035, 5041, 5047, 5048)
(10052, 14, 5028, 5039, 5050)
(10053, 9, 5018, 5029, 5035, 5041, 5047, 5048)
(10054, 8, 5012, 5013, 5019, 5030, 5036, 5042, 5053)
(10055, 2, 5006, 5017, 5023, 5024, 5030)
(10056, 16, 5030, 5041, 5047, 5053)
(10057, 31, 5055, 5056, 5051, 5040, 5029, 5024, 5019)
(10058, 24, 5037, 5036, 5030, 5019, 5008)
(10059, 4, 5008, 5019, 5030, 5041, 5047)
(10060, 14, 5023, 5024, 5030, 5036, 5042, 5048, 5054)
(10061, 12, 5021, 5032, 5043, 5048, 5047, 5052)
(10062, 4, 5008, 5019, 5030)
(10063, 13, 5027, 5038, 5044, 5045, 5051)
(10064, 23, 5036, 5035, 5034, 5028, 5017, 5011, 5005)
(10065, 3, 5007, 5018, 5029, 5040, 5045, 5044, 5049)
(10066, 35, 5053, 5042, 5031, 5025, 5024, 5018, 5012, 5011)
(10067, 18, 5032, 5043, 5054)
(10068, 6, 5010, 5021, 5032, 5043, 5048, 5047, 5046, 5051)
(10069, 9, 5018, 5029, 5034, 5039, 5050)
(10070, 16, 5030, 5041, 5047, 5048, 5054)
(10071, 35, 5053, 5042, 5031, 5025)
(10072, 34, 5052, 5041, 5030, 5019, 5008, 5002, 5001)
(10073, 23, 5031, 5025, 5024, 5018, 5007, 5001)
(10074, 33, 5051, 5040, 5029, 5023)
(10075, 17, 5031, 5042, 5048, 5054)
(10076, 33, 5051, 5040, 5029, 5018, 5007, 5001)
(10077, 3, 5007, 5018, 5029, 5040)
(10078, 3, 5007, 5018, 5029, 5040, 5045, 5050)
(10079, 15, 5029, 5040, 5046, 5052)
(10080, 24, 5037, 5036, 5030, 5019, 5008, 5002, 5001)
(10081, 9, 5018, 5029, 5035, 5041)
(10082, 27, 5040, 5029, 5018, 5007, 5001, 5000)
(10083, 36, 5054, 5043, 5032, 5021, 5010)
(10084, 10, 5019, 5030, 5036, 5037, 5043)
(10085, 34, 5052, 5041, 5030, 5025, 5020, 5015)
(10086, 25, 5038, 5027, 5016, 5005, 5000, 5001)
(10087, 21, 5029, 5018, 5007, 5001, 5000)
(10088, 18, 5032, 5043, 5054)
(10089, 22, 5030, 5019, 5008, 5002)
(10090, 4, 5008, 5019, 5025, 5031)
(10091, 35, 5053, 5042, 5031, 5020, 5009)
(10092, 27, 5040, 5029, 5018, 5012, 5011)
(10093, 19, 5027, 5016, 5005)
(10094, 22, 5030, 5019, 5008)
(10095, 24, 5032, 5021, 5010)
(10096, 34, 5057, 5056, 5050, 5039, 5028)
(10097, 14, 5028, 5039, 5045, 5051, 5057, 5058)
(10098, 12, 5021, 5032, 5043)
(10099, 36, 5054, 5043, 5032, 5021)
(10100, 14, 5028, 5039, 5050)
(10101, 8, 5017, 5028, 5039, 5050, 5055)
(10102, 20, 5028, 5017, 5006)
(10103, 1, 5005, 5016, 5022, 5023, 5024, 5030, 5036, 5037, 5043, 5054)
(10104, 9, 5018, 5029, 5040, 5051)
(10105, 16, 5030, 5041, 5047, 5048, 5054)
(10106, 26, 5039, 5028, 5017, 5011)
(10107, 5, 5009, 5020, 5031, 5036, 5035, 5040, 5051)
(10108, 25, 5038, 5027, 5016)
(10109, 14, 5028, 5039, 5050)
(10110, 11, 5020, 5031, 5042, 5048)
(10111, 32, 5050, 5039, 5028, 5023, 5018, 5013)
(10112, 17, 5031, 5042, 5048, 5054)
(10113, 25, 5044, 5045, 5040, 5029, 5018, 5013, 5008, 5003)
(10114, 7, 5011, 5012, 5013, 5019, 5030, 5036, 5037, 5043)
(10115, 2, 5006, 5017, 5028, 5039)
(10116, 28, 5041, 5030, 5019, 5008, 5002, 5001)
(10117, 14, 5028, 5039, 5045, 5051)
(10118, 7, 5016, 5027, 5038, 5044)
(10119, 26, 5039, 5028, 5017, 5006, 5000)
(10120, 20, 5028, 5017, 5006)
(10121, 33, 5051, 5040, 5029, 5018, 5012, 5011)
(10122, 8, 5017, 5028, 5039, 5050, 5055)
(10123, 35, 5053, 5042, 5031, 5020)
(10124, 28, 5041, 5030, 5019, 5008, 5003)
(10125, 10, 5019, 5030, 5041, 5052, 5058)
(10126, 5, 5009, 5020, 5031, 5042, 5053)
(10127, 20, 5028, 5017, 5006)
